"rid", "binaryID"
35,1
36,10
423,11
37,100
421,101
424,110
38,1000
420,1010
422,1100
39,10000
713,10001
40,100000
714,100010
41,1000000
324,1000001
43,10000000
60,10000001
325,10000010
44,100000000
61,100000010
847,100000011
378,100000100
413,100000101
42,1000000000
436,1000000001
62,1000000100
718,1000000101
848,1000000110
379,1000001000
408,1000001001
45,10000000000
443,10000000001
63,10000001000
304,10000001001
720,10000001010
416,10000001100
729,10000001101
380,10000010000
407,10000010001
46,100000000000
438,100000000001
1,100000000010
64,100000010000
856,100000010001
303,100000010010
719,100000010100
381,100000100000
406,100000100001
47,1000000000000
738,1000000000001
445,1000000000100
65,1000000100000
351,1000000100010
305,1000000100100
788,1000000100101
382,1000001000000
404,1000001000010
405,1000001000011
48,10000000000000
444,10000000000001
446,10000000000010
739,10000000000011
66,10000001000000
350,10000001000100
310,10000001001000
318,10000001001001
787,10000001001010
49,100000000000000
448,100000000000001
67,100000010000000
311,100000010010000
425,100000010010001
319,100000010010010
430,100000010010011
415,100000010010100
419,100000010010101
50,1000000000000000
740,1000000000000001
447,1000000000000010
68,1000000100000000
278,1000000100000001
312,1000000100100000
411,1000000100100001
306,1000000100100100
320,1000000100100101
435,1000000100100110
437,1000000100100111
409,1000000100101000
410,1000000100101001
51,10000000000000000
454,10000000000000001
741,10000000000000010
742,10000000000000011
69,10000001000000000
279,10000001000000010
313,10000001001000000
412,10000001001000010
418,10000001001000011
307,10000001001001000
434,10000001001001001
321,10000001001001010
439,10000001001001011
52,100000000000000000
466,100000000000000001
2,100000000000000100
468,100000000000000110
746,100000000000000111
71,100000010000000000
280,100000010000000100
314,100000010010000000
815,100000010010000001
308,100000010010010000
426,100000010010010001
433,100000010010010010
322,100000010010010100
440,100000010010010101
53,1000000000000000000
471,1000000000000000001
743,1000000000000001000
467,1000000000000001100
747,1000000000000001110
70,1000000100000000000
281,1000000100000001000
795,1000000100000001001
315,1000000100100000000
414,1000000100100000001
309,1000000100100100000
427,1000000100100100001
429,1000000100100100010
432,1000000100100100011
323,1000000100100101000
449,1000000100100101001
441,1000000100100101010
442,1000000100100101011
54,10000000000000000000
475,10000000000000000001
463,10000000000000010000
744,10000000000000010001
72,10000001000000000000
282,10000001000000010000
295,10000001000000010001
450,10000001000000010010
796,10000001000000010011
0,10000001001000000000
428,10000001001001000100
431,10000001001001000110
55,100000000000000000000
750,100000000000000000001
474,100000000000000000010
462,100000000000000100000
745,100000000000000100010
73,100000010000000000000
283,100000010000000100000
799,100000010000000100001
296,100000010000000100010
330,100000010000000100011
451,100000010000000100110
797,100000010000000100111
316,100000010010000000000
56,1000000000000000000000
363,1000000000000000000001
486,1000000000000000000010
749,1000000000000000000011
74,1000000100000000000000
284,1000000100000001000000
461,1000000100000001000001
473,1000000100000001000010
800,1000000100000001000011
297,1000000100000001000100
816,1000000100000001000101
798,1000000100000001001110
317,1000000100100000000000
417,1000000100100000000001
57,10000000000000000000000
490,10000000000000000000001
6,10000000000000000000100
4,10000000000000000000110
75,10000001000000000000000
285,10000001000000010000000
288,10000001000000010000001
477,10000001000000010000100
480,10000001000000010000101
298,10000001000000010001000
818,10000001000000010001001
457,10000001000000010001010
817,10000001000000010001011
58,100000000000000000000000
513,100000000000000000000001
748,100000000000000000001100
76,100000010000000000000000
286,100000010000000100000000
479,100000010000000100000001
289,100000010000000100000010
472,100000010000000100000011
299,100000010000000100010000
819,100000010000000100010001
59,1000000000000000000000000
493,1000000000000000000000001
77,1000000100000000000000000
287,1000000100000001000000000
482,1000000100000001000000001
290,1000000100000001000000100
460,1000000100000001000000101
300,1000000100000001000100000
821,1000000100000001000100001
820,1000000100000001000100010
502,10000000000000000000000010
507,10000000000000000000000011
78,10000001000000000000000000
481,10000001000000010000000010
291,10000001000000010000001000
470,10000001000000010000001001
301,10000001000000010001000000
396,10000001000000010001000001
80,100000010000000000000000000
292,100000010000000100000010000
465,100000010000000100000010001
302,100000010000000100010000000
79,1000000100000000000000000000
293,1000000100000001000000100000
484,1000000100000001000000100001
81,10000001000000000000000000000
452,10000001000000000000000000001
294,10000001000000010000001000000
483,10000001000000010000001000001
83,100000010000000000000000000000
455,100000010000000000000000000001
453,100000010000000000000000000010
82,1000000100000000000000000000000
456,1000000100000000000000000000010
458,1000000100000000000000000000100
459,1000000100000000000000000000101
84,10000001000000000000000000000000
464,10000001000000000000000000000001
469,10000001000000000000000000000100
478,10000001000000000000000000000101
87,100000010000000000000000000000000
476,100000010000000000000000000000001
88,1000000100000000000000000000000000
3,1000000100000000000000000000000010
86,10000001000000000000000000000000000
85,100000010000000000000000000000000000
89,1000000100000000000000000000000000000
487,1000000100000000000000000000000000001
90,10000001000000000000000000000000000000
488,10000001000000000000000000000000000010
91,100000010000000000000000000000000000000
383,100000010000000000000000000000000000001
485,100000010000000000000000000000000000100
852,100000010000000000000000000000000000101
92,1000000100000000000000000000000000000000
505,1000000100000000000000000000000000000001
384,1000000100000000000000000000000000000010
722,1000000100000000000000000000000000000011
489,1000000100000000000000000000000000001000
732,1000000100000000000000000000000000001001
93,10000001000000000000000000000000000000000
721,10000001000000000000000000000000000000001
385,10000001000000000000000000000000000000100
518,10000001000000000000000000000000000000101
510,10000001000000000000000000000000000000110
723,10000001000000000000000000000000000000111
494,10000001000000000000000000000000000010000
733,10000001000000000000000000000000000010001
94,100000010000000000000000000000000000000000
514,100000010000000000000000000000000000000001
386,100000010000000000000000000000000000001000
727,100000010000000000000000000000000000001001
533,100000010000000000000000000000000000001110
724,100000010000000000000000000000000000001111
498,100000010000000000000000000000000000100000
734,100000010000000000000000000000000000100001
95,1000000100000000000000000000000000000000000
112,1000000100000000000000000000000000000000001
517,1000000100000000000000000000000000000011110
726,1000000100000000000000000000000000000011111
497,1000000100000000000000000000000000001000000
735,1000000100000000000000000000000000001000001
96,10000001000000000000000000000000000000000000
523,10000001000000000000000000000000000000000001
113,10000001000000000000000000000000000000000010
267,10000001000000000000000000000000000000000011
535,10000001000000000000000000000000000000111110
728,10000001000000000000000000000000000000111111
496,10000001000000000000000000000000000010000000
499,10000001000000000000000000000000000010000001
506,10000001000000000000000000000000000010000010
736,10000001000000000000000000000000000010000011
97,100000010000000000000000000000000000000000000
524,100000010000000000000000000000000000000000001
114,100000010000000000000000000000000000000000100
725,100000010000000000000000000000000000000000101
268,100000010000000000000000000000000000000000110
516,100000010000000000000000000000000000000000111
16,100000010000000000000000000000000000001111110
491,100000010000000000000000000000000000100000010
492,100000010000000000000000000000000000100000011
501,100000010000000000000000000000000000100000110
737,100000010000000000000000000000000000100000111
98,1000000100000000000000000000000000000000000000
528,1000000100000000000000000000000000000000000001
115,1000000100000000000000000000000000000000001000
730,1000000100000000000000000000000000000000001001
269,1000000100000000000000000000000000000000001100
511,1000000100000000000000000000000000000000001101
99,10000001000000000000000000000000000000000000000
527,10000001000000000000000000000000000000000000001
116,10000001000000000000000000000000000000000010000
532,10000001000000000000000000000000000000000010001
270,10000001000000000000000000000000000000000011000
387,10000001000000000000000000000000000000000011001
100,100000010000000000000000000000000000000000000000
537,100000010000000000000000000000000000000000000001
117,100000010000000000000000000000000000000000100000
731,100000010000000000000000000000000000000000100001
271,100000010000000000000000000000000000000000110000
504,100000010000000000000000000000000000000000110001
388,100000010000000000000000000000000000000000110010
520,100000010000000000000000000000000000000000110011
101,1000000100000000000000000000000000000000000000000
540,1000000100000000000000000000000000000000000000001
118,1000000100000000000000000000000000000000001000000
272,1000000100000000000000000000000000000000001100000
508,1000000100000000000000000000000000000000001100001
389,1000000100000000000000000000000000000000001100100
519,1000000100000000000000000000000000000000001100101
11,1000000100000000000000000000000000000000001100110
102,10000001000000000000000000000000000000000000000000
542,10000001000000000000000000000000000000000000000001
119,10000001000000000000000000000000000000000010000000
343,10000001000000000000000000000000000000000010000001
273,10000001000000000000000000000000000000000011000000
503,10000001000000000000000000000000000000000011000001
9,10000001000000000000000000000000000000000011000010
10,10000001000000000000000000000000000000000011001010
103,100000010000000000000000000000000000000000000000000
805,100000010000000000000000000000000000000000000000001
541,100000010000000000000000000000000000000000000000010
545,100000010000000000000000000000000000000000000000011
120,100000010000000000000000000000000000000000100000000
849,100000010000000000000000000000000000000000100000001
344,100000010000000000000000000000000000000000100000010
539,100000010000000000000000000000000000000000100000011
274,100000010000000000000000000000000000000000110000000
500,100000010000000000000000000000000000000000110000001
7,100000010000000000000000000000000000000000110000010
104,1000000100000000000000000000000000000000000000000000
397,1000000100000000000000000000000000000000000000000001
887,1000000100000000000000000000000000000000001000000000
888,1000000100000000000000000000000000000000001000000001
30,1000000100000000000000000000000000000000001000000100
31,1000000100000000000000000000000000000000001000000110
275,1000000100000000000000000000000000000000001100000000
509,1000000100000000000000000000000000000000001100000001
495,1000000100000000000000000000000000000000001100000100
105,10000001000000000000000000000000000000000000000000000
806,10000001000000000000000000000000000000000000000000001
398,10000001000000000000000000000000000000000000000000010
846,10000001000000000000000000000000000000000000000000011
886,10000001000000000000000000000000000000000010000000000
121,10000001000000000000000000000000000000000010000000010
751,10000001000000000000000000000000000000000010000000011
345,10000001000000000000000000000000000000000010000001000
715,10000001000000000000000000000000000000000010000001100
276,10000001000000000000000000000000000000000011000000000
341,10000001000000000000000000000000000000000011000000001
5,10000001000000000000000000000000000000000011000001000
106,100000010000000000000000000000000000000000000000000000
557,100000010000000000000000000000000000000000000000000001
399,100000010000000000000000000000000000000000000000000100
845,100000010000000000000000000000000000000000000000000101
552,100000010000000000000000000000000000000000000000000110
844,100000010000000000000000000000000000000000000000000111
17,100000010000000000000000000000000000000000100000000000
122,100000010000000000000000000000000000000000100000000100
331,100000010000000000000000000000000000000000100000000101
543,100000010000000000000000000000000000000000100000000110
752,100000010000000000000000000000000000000000100000000111
13,100000010000000000000000000000000000000000100000010000
277,100000010000000000000000000000000000000000110000000000
515,100000010000000000000000000000000000000000110000000001
342,100000010000000000000000000000000000000000110000000010
512,100000010000000000000000000000000000000000110000000011
107,1000000100000000000000000000000000000000000000000000000
564,1000000100000000000000000000000000000000000000000000001
400,1000000100000000000000000000000000000000000000000001000
565,1000000100000000000000000000000000000000000000000001001
858,1000000100000000000000000000000000000000001000000000000
123,1000000100000000000000000000000000000000001000000001000
242,1000000100000000000000000000000000000000001000000001001
346,1000000100000000000000000000000000000000001000000100000
108,10000001000000000000000000000000000000000000000000000000
570,10000001000000000000000000000000000000000000000000000001
401,10000001000000000000000000000000000000000000000000010000
571,10000001000000000000000000000000000000000000000000010001
32,10000001000000000000000000000000000000000010000000000000
124,10000001000000000000000000000000000000000010000000010000
563,10000001000000000000000000000000000000000010000000010001
243,10000001000000000000000000000000000000000010000000010010
831,10000001000000000000000000000000000000000010000000010011
109,100000010000000000000000000000000000000000000000000000000
587,100000010000000000000000000000000000000000000000000000001
402,100000010000000000000000000000000000000000000000000100000
581,100000010000000000000000000000000000000000000000000100001
716,100000010000000000000000000000000000000000100000000000000
125,100000010000000000000000000000000000000000100000000100000
393,100000010000000000000000000000000000000000100000000100001
244,100000010000000000000000000000000000000000100000000100100
826,100000010000000000000000000000000000000000100000000100101
546,100000010000000000000000000000000000000000100000000100110
830,100000010000000000000000000000000000000000100000000100111
110,1000000100000000000000000000000000000000000000000000000000
591,1000000100000000000000000000000000000000000000000000000001
403,1000000100000000000000000000000000000000000000000001000000
569,1000000100000000000000000000000000000000000000000001000001
126,1000000100000000000000000000000000000000001000000001000000
198,1000000100000000000000000000000000000000001000000001000001
394,1000000100000000000000000000000000000000001000000001000010
753,1000000100000000000000000000000000000000001000000001000011
245,1000000100000000000000000000000000000000001000000001001000
827,1000000100000000000000000000000000000000001000000001001001
33,1000000100000000000000000000000000000000001000000001001100
34,1000000100000000000000000000000000000000001000000001001110
111,10000001000000000000000000000000000000000000000000000000000
574,10000001000000000000000000000000000000000000000000000000001
127,10000001000000000000000000000000000000000010000000010000000
580,10000001000000000000000000000000000000000010000000010000001
199,10000001000000000000000000000000000000000010000000010000010
582,10000001000000000000000000000000000000000010000000010000011
395,10000001000000000000000000000000000000000010000000010000100
572,10000001000000000000000000000000000000000010000000010000101
246,10000001000000000000000000000000000000000010000000010010000
560,10000001000000000000000000000000000000000010000000010010001
834,10000001000000000000000000000000000000000010000000010011000
544,10000001000000000000000000000000000000000010000000010011100
573,100000010000000000000000000000000000000000000000000000000010
128,100000010000000000000000000000000000000000100000000100000000
779,100000010000000000000000000000000000000000100000000100000001
200,100000010000000000000000000000000000000000100000000100000100
602,100000010000000000000000000000000000000000100000000100000101
881,100000010000000000000000000000000000000000100000000100100000
129,1000000100000000000000000000000000000000001000000001000000000
780,1000000100000000000000000000000000000000001000000001000000001
585,1000000100000000000000000000000000000000001000000001000001000
889,1000000100000000000000000000000000000000001000000001000001001
601,1000000100000000000000000000000000000000001000000001000001010
882,1000000100000000000000000000000000000000001000000001001000000
130,10000001000000000000000000000000000000000010000000010000000000
598,10000001000000000000000000000000000000000010000000010000000001
599,10000001000000000000000000000000000000000010000000010000000010
609,10000001000000000000000000000000000000000010000000010000000011
201,10000001000000000000000000000000000000000010000000010000010010
754,10000001000000000000000000000000000000000010000000010000010011
883,10000001000000000000000000000000000000000010000000010010000000
884,10000001000000000000000000000000000000000010000000010010000001
131,100000010000000000000000000000000000000000100000000100000000000
782,100000010000000000000000000000000000000000100000000100000000001
202,100000010000000000000000000000000000000000100000000100000100100
579,100000010000000000000000000000000000000000100000000100000100101
885,100000010000000000000000000000000000000000100000000100100000000
863,100000010000000000000000000000000000000000100000000100100000010
132,1000000100000000000000000000000000000000001000000001000000000000
156,1000000100000000000000000000000000000000001000000001000000000001
203,1000000100000000000000000000000000000000001000000001000001001000
578,1000000100000000000000000000000000000000001000000001000001001001
247,1000000100000000000000000000000000000000001000000001001000000000
567,1000000100000000000000000000000000000000001000000001001000000100
828,1000000100000000000000000000000000000000001000000001001000000101
133,10000001000000000000000000000000000000000010000000010000000000000
807,10000001000000000000000000000000000000000010000000010000000000001
157,10000001000000000000000000000000000000000010000000010000000000010
783,10000001000000000000000000000000000000000010000000010000000000011
204,10000001000000000000000000000000000000000010000000010000010010000
597,10000001000000000000000000000000000000000010000000010000010010001
248,10000001000000000000000000000000000000000010000000010010000000000
339,10000001000000000000000000000000000000000010000000010010000000001
134,100000010000000000000000000000000000000000100000000100000000000000
809,100000010000000000000000000000000000000000100000000100000000000001
158,100000010000000000000000000000000000000000100000000100000000000100
347,100000010000000000000000000000000000000000100000000100000000000101
205,100000010000000000000000000000000000000000100000000100000100100000
592,100000010000000000000000000000000000000000100000000100000100100001
249,100000010000000000000000000000000000000000100000000100100000000000
837,100000010000000000000000000000000000000000100000000100100000000001
15,100000010000000000000000000000000000000000100000000100100000000010
135,1000000100000000000000000000000000000000001000000001000000000000000
625,1000000100000000000000000000000000000000001000000001000000000000001
159,1000000100000000000000000000000000000000001000000001000000000001000
785,1000000100000000000000000000000000000000001000000001000000000001001
348,1000000100000000000000000000000000000000001000000001000000000001010
781,1000000100000000000000000000000000000000001000000001000000000001011
206,1000000100000000000000000000000000000000001000000001000001001000000
593,1000000100000000000000000000000000000000001000000001000001001000001
603,1000000100000000000000000000000000000000001000000001000001001000010
605,1000000100000000000000000000000000000000001000000001000001001000011
250,1000000100000000000000000000000000000000001000000001001000000000000
547,1000000100000000000000000000000000000000001000000001001000000000010
836,1000000100000000000000000000000000000000001000000001001000000000011
340,1000000100000000000000000000000000000000001000000001001000000000100
136,10000001000000000000000000000000000000000010000000010000000000000000
810,10000001000000000000000000000000000000000010000000010000000000000001
160,10000001000000000000000000000000000000000010000000010000000000010000
620,10000001000000000000000000000000000000000010000000010000000000010001
616,10000001000000000000000000000000000000000010000000010000000000010010
784,10000001000000000000000000000000000000000010000000010000000000010011
349,10000001000000000000000000000000000000000010000000010000000000010100
639,10000001000000000000000000000000000000000010000000010000000000010101
778,10000001000000000000000000000000000000000010000000010000010010000000
755,10000001000000000000000000000000000000000010000000010000010010000010
756,10000001000000000000000000000000000000000010000000010000010010000011
604,10000001000000000000000000000000000000000010000000010000010010000110
251,10000001000000000000000000000000000000000010000000010010000000000000
366,10000001000000000000000000000000000000000010000000010010000000000001
538,10000001000000000000000000000000000000000010000000010010000000000110
832,10000001000000000000000000000000000000000010000000010010000000000111
137,100000010000000000000000000000000000000000100000000100000000000000000
812,100000010000000000000000000000000000000000100000000100000000000000001
161,100000010000000000000000000000000000000000100000000100000000000100000
635,100000010000000000000000000000000000000000100000000100000000000100001
596,100000010000000000000000000000000000000000100000000100000100100000000
757,100000010000000000000000000000000000000000100000000100000100100000001
252,100000010000000000000000000000000000000000100000000100100000000000000
367,100000010000000000000000000000000000000000100000000100100000000000010
568,100000010000000000000000000000000000000000100000000100100000000000011
529,100000010000000000000000000000000000000000100000000100100000000001100
530,100000010000000000000000000000000000000000100000000100100000000001101
531,100000010000000000000000000000000000000000100000000100100000000001110
822,100000010000000000000000000000000000000000100000000100100000000001111
138,1000000100000000000000000000000000000000001000000001000000000000000000
853,1000000100000000000000000000000000000000001000000001000000000000000001
162,1000000100000000000000000000000000000000001000000001000000000001000000
335,1000000100000000000000000000000000000000001000000001000000000001000001
207,1000000100000000000000000000000000000000001000000001000001001000000000
758,1000000100000000000000000000000000000000001000000001000001001000000010
760,1000000100000000000000000000000000000000001000000001000001001000000011
253,1000000100000000000000000000000000000000001000000001001000000000000000
561,1000000100000000000000000000000000000000001000000001001000000000000001
368,1000000100000000000000000000000000000000001000000001001000000000000100
583,1000000100000000000000000000000000000000001000000001001000000000000101
525,1000000100000000000000000000000000000000001000000001001000000000011000
526,1000000100000000000000000000000000000000001000000001001000000000011001
534,1000000100000000000000000000000000000000001000000001001000000000011110
857,1000000100000000000000000000000000000000001000000001001000000000011111
139,10000001000000000000000000000000000000000010000000010000000000000000000
626,10000001000000000000000000000000000000000010000000010000000000000000001
163,10000001000000000000000000000000000000000010000000010000000000010000000
168,10000001000000000000000000000000000000000010000000010000000000010000001
336,10000001000000000000000000000000000000000010000000010000000000010000010
627,10000001000000000000000000000000000000000010000000010000000000010000011
208,10000001000000000000000000000000000000000010000000010000010010000000000
606,10000001000000000000000000000000000000000010000000010000010010000000001
600,10000001000000000000000000000000000000000010000000010000010010000000100
759,10000001000000000000000000000000000000000010000000010000010010000000101
254,10000001000000000000000000000000000000000010000000010010000000000000000
835,10000001000000000000000000000000000000000010000000010010000000000000001
370,10000001000000000000000000000000000000000010000000010010000000000001000
586,10000001000000000000000000000000000000000010000000010010000000000001001
12,10000001000000000000000000000000000000000010000000010010000000000111100
14,10000001000000000000000000000000000000000010000000010010000000000111110
140,100000010000000000000000000000000000000000100000000100000000000000000000
634,100000010000000000000000000000000000000000100000000100000000000000000001
164,100000010000000000000000000000000000000000100000000100000000000100000000
662,100000010000000000000000000000000000000000100000000100000000000100000001
169,100000010000000000000000000000000000000000100000000100000000000100000010
786,100000010000000000000000000000000000000000100000000100000000000100000011
337,100000010000000000000000000000000000000000100000000100000000000100000100
623,100000010000000000000000000000000000000000100000000100000000000100000101
209,100000010000000000000000000000000000000000100000000100000100100000000000
610,100000010000000000000000000000000000000000100000000100000100100000000010
615,100000010000000000000000000000000000000000100000000100000100100000000011
255,100000010000000000000000000000000000000000100000000100100000000000000000
823,100000010000000000000000000000000000000000100000000100100000000000000001
369,100000010000000000000000000000000000000000100000000100100000000000010000
141,1000000100000000000000000000000000000000001000000001000000000000000000000
640,1000000100000000000000000000000000000000001000000001000000000000000000001
165,1000000100000000000000000000000000000000001000000001000000000001000000000
646,1000000100000000000000000000000000000000001000000001000000000001000000001
170,1000000100000000000000000000000000000000001000000001000000000001000000100
641,1000000100000000000000000000000000000000001000000001000000000001000000101
633,1000000100000000000000000000000000000000001000000001000000000001000000110
644,1000000100000000000000000000000000000000001000000001000000000001000000111
338,1000000100000000000000000000000000000000001000000001000000000001000001000
624,1000000100000000000000000000000000000000001000000001000000000001000001010
210,1000000100000000000000000000000000000000001000000001000001001000000000000
611,1000000100000000000000000000000000000000001000000001000001001000000000100
614,1000000100000000000000000000000000000000001000000001000001001000000000110
619,1000000100000000000000000000000000000000001000000001000001001000000000111
256,1000000100000000000000000000000000000000001000000001001000000000000000000
833,1000000100000000000000000000000000000000001000000001001000000000000000001
566,1000000100000000000000000000000000000000001000000001001000000000000000010
824,1000000100000000000000000000000000000000001000000001001000000000000000011
371,1000000100000000000000000000000000000000001000000001001000000000000100000
142,10000001000000000000000000000000000000000010000000010000000000000000000000
854,10000001000000000000000000000000000000000010000000010000000000000000000001
166,10000001000000000000000000000000000000000010000000010000000000010000000000
667,10000001000000000000000000000000000000000010000000010000000000010000000001
171,10000001000000000000000000000000000000000010000000010000000000010000001000
647,10000001000000000000000000000000000000000010000000010000000000010000001001
632,10000001000000000000000000000000000000000010000000010000000000010000001100
211,10000001000000000000000000000000000000000010000000010000010010000000000000
607,10000001000000000000000000000000000000000010000000010000010010000000000001
618,10000001000000000000000000000000000000000010000000010000010010000000001110
872,10000001000000000000000000000000000000000010000000010010000000000000000000
576,10000001000000000000000000000000000000000010000000010010000000000000000110
825,10000001000000000000000000000000000000000010000000010010000000000000000111
143,100000010000000000000000000000000000000000100000000100000000000000000000000
364,100000010000000000000000000000000000000000100000000100000000000000000000001
167,100000010000000000000000000000000000000000100000000100000000000100000000000
654,100000010000000000000000000000000000000000100000000100000000000100000000001
19,100000010000000000000000000000000000000000100000000100000000000100000000010
172,100000010000000000000000000000000000000000100000000100000000000100000010000
649,100000010000000000000000000000000000000000100000000100000000000100000010001
212,100000010000000000000000000000000000000000100000000100000100100000000000000
372,100000010000000000000000000000000000000000100000000100000100100000000000001
878,100000010000000000000000000000000000000000100000000100100000000000000000000
890,100000010000000000000000000000000000000000100000000100100000000000000000001
584,100000010000000000000000000000000000000000100000000100100000000000000001100
590,100000010000000000000000000000000000000000100000000100100000000000000001101
577,100000010000000000000000000000000000000000100000000100100000000000000001110
829,100000010000000000000000000000000000000000100000000100100000000000000001111
144,1000000100000000000000000000000000000000001000000001000000000000000000000000
855,1000000100000000000000000000000000000000001000000001000000000000000000000001
365,1000000100000000000000000000000000000000001000000001000000000000000000000010
645,1000000100000000000000000000000000000000001000000001000000000000000000000011
20,1000000100000000000000000000000000000000001000000001000000000001000000000000
173,1000000100000000000000000000000000000000001000000001000000000001000000100000
652,1000000100000000000000000000000000000000001000000001000000000001000000100001
213,1000000100000000000000000000000000000000001000000001000001001000000000000000
631,1000000100000000000000000000000000000000001000000001000001001000000000000001
373,1000000100000000000000000000000000000000001000000001000001001000000000000010
617,1000000100000000000000000000000000000000001000000001000001001000000000000011
859,1000000100000000000000000000000000000000001000000001001000000000000000000000
873,1000000100000000000000000000000000000000001000000001001000000000000000000010
880,1000000100000000000000000000000000000000001000000001001000000000000000000011
588,1000000100000000000000000000000000000000001000000001001000000000000000011000
595,1000000100000000000000000000000000000000001000000001001000000000000000011001
18,1000000100000000000000000000000000000000001000000001001000000000000000011010
145,10000001000000000000000000000000000000000010000000010000000000000000000000000
332,10000001000000000000000000000000000000000010000000010000000000000000000000001
21,10000001000000000000000000000000000000000010000000010000000000000000000000100
174,10000001000000000000000000000000000000000010000000010000000000010000001000000
656,10000001000000000000000000000000000000000010000000010000000000010000001000001
650,10000001000000000000000000000000000000000010000000010000000000010000001000010
651,10000001000000000000000000000000000000000010000000010000000000010000001000011
214,10000001000000000000000000000000000000000010000000010000010010000000000000000
643,10000001000000000000000000000000000000000010000000010000010010000000000000001
357,10000001000000000000000000000000000000000010000000010000010010000000000000100
374,10000001000000000000000000000000000000000010000000010000010010000000000000101
266,10000001000000000000000000000000000000000010000000010010000000000000000000000
536,10000001000000000000000000000000000000000010000000010010000000000000000000001
874,10000001000000000000000000000000000000000010000000010010000000000000000000100
875,10000001000000000000000000000000000000000010000000010010000000000000000000101
860,10000001000000000000000000000000000000000010000000010010000000000000000000110
589,10000001000000000000000000000000000000000010000000010010000000000000000110000
594,10000001000000000000000000000000000000000010000000010010000000000000000110100
146,100000010000000000000000000000000000000000100000000100000000000000000000000000
150,100000010000000000000000000000000000000000100000000100000000000000000000000001
333,100000010000000000000000000000000000000000100000000100000000000000000000000010
811,100000010000000000000000000000000000000000100000000100000000000000000000000011
175,100000010000000000000000000000000000000000100000000100000000000100000010000000
666,100000010000000000000000000000000000000000100000000100000000000100000010000001
215,100000010000000000000000000000000000000000100000000100000100100000000000000000
217,100000010000000000000000000000000000000000100000000100000100100000000000000001
358,100000010000000000000000000000000000000000100000000100000100100000000000001000
637,100000010000000000000000000000000000000000100000000100000100100000000000001001
375,100000010000000000000000000000000000000000100000000100000100100000000000001010
842,100000010000000000000000000000000000000000100000000100000100100000000000001011
257,100000010000000000000000000000000000000000100000000100100000000000000000001000
876,100000010000000000000000000000000000000000100000000100100000000000000000001010
147,1000000100000000000000000000000000000000001000000001000000000000000000000000000
814,1000000100000000000000000000000000000000001000000001000000000000000000000000001
151,1000000100000000000000000000000000000000001000000001000000000000000000000000010
808,1000000100000000000000000000000000000000001000000001000000000000000000000000011
334,1000000100000000000000000000000000000000001000000001000000000000000000000000100
608,1000000100000000000000000000000000000000001000000001000000000000000000000000101
176,1000000100000000000000000000000000000000001000000001000000000001000000100000000
658,1000000100000000000000000000000000000000001000000001000000000001000000100000001
216,1000000100000000000000000000000000000000001000000001000001001000000000000000000
628,1000000100000000000000000000000000000000001000000001000001001000000000000000001
218,1000000100000000000000000000000000000000001000000001000001001000000000000000010
761,1000000100000000000000000000000000000000001000000001000001001000000000000000011
359,1000000100000000000000000000000000000000001000000001000001001000000000000010000
838,1000000100000000000000000000000000000000001000000001000001001000000000000010001
638,1000000100000000000000000000000000000000001000000001000001001000000000000010010
376,1000000100000000000000000000000000000000001000000001000001001000000000000010100
653,1000000100000000000000000000000000000000001000000001000001001000000000000010101
843,1000000100000000000000000000000000000000001000000001000001001000000000000010110
258,1000000100000000000000000000000000000000001000000001001000000000000000000010000
575,1000000100000000000000000000000000000000001000000001001000000000000000000010001
877,1000000100000000000000000000000000000000001000000001001000000000000000000010100
879,1000000100000000000000000000000000000000001000000001001000000000000000000010101
148,10000001000000000000000000000000000000000010000000010000000000000000000000000000
352,10000001000000000000000000000000000000000010000000010000000000000000000000000001
621,10000001000000000000000000000000000000000010000000010000000000000000000000000010
813,10000001000000000000000000000000000000000010000000010000000000000000000000000011
152,10000001000000000000000000000000000000000010000000010000000000000000000000000100
655,10000001000000000000000000000000000000000010000000010000000000000000000000000101
177,10000001000000000000000000000000000000000010000000010000000000010000001000000000
661,10000001000000000000000000000000000000000010000000010000000000010000001000000001
612,10000001000000000000000000000000000000000010000000010000010010000000000000000010
622,10000001000000000000000000000000000000000010000000010000010010000000000000000011
219,10000001000000000000000000000000000000000010000000010000010010000000000000000100
764,10000001000000000000000000000000000000000010000000010000010010000000000000000101
762,10000001000000000000000000000000000000000010000000010000010010000000000000000110
763,10000001000000000000000000000000000000000010000000010000010010000000000000000111
360,10000001000000000000000000000000000000000010000000010000010010000000000000100000
841,10000001000000000000000000000000000000000010000000010000010010000000000000100001
839,10000001000000000000000000000000000000000010000000010000010010000000000000100010
377,10000001000000000000000000000000000000000010000000010000010010000000000000101000
660,10000001000000000000000000000000000000000010000000010000010010000000000000101001
259,10000001000000000000000000000000000000000010000000010010000000000000000000100000
548,10000001000000000000000000000000000000000010000000010010000000000000000000100001
861,10000001000000000000000000000000000000000010000000010010000000000000000000101000
864,10000001000000000000000000000000000000000010000000010010000000000000000000101010
149,100000010000000000000000000000000000000000100000000100000000000000000000000000000
636,100000010000000000000000000000000000000000100000000100000000000000000000000000001
353,100000010000000000000000000000000000000000100000000100000000000000000000000000010
664,100000010000000000000000000000000000000000100000000100000000000000000000000000011
153,100000010000000000000000000000000000000000100000000100000000000000000000000001000
657,100000010000000000000000000000000000000000100000000100000000000000000000000001001
178,100000010000000000000000000000000000000000100000000100000000000100000010000000000
187,100000010000000000000000000000000000000000100000000100000000000100000010000000001
613,100000010000000000000000000000000000000000100000000100000100100000000000000000100
220,100000010000000000000000000000000000000000100000000100000100100000000000000001000
354,100000010000000000000000000000000000000000100000000100000100100000000000000001001
663,100000010000000000000000000000000000000000100000000100000100100000000000000001010
671,100000010000000000000000000000000000000000100000000100000100100000000000000001011
642,100000010000000000000000000000000000000000100000000100000100100000000000000001110
850,100000010000000000000000000000000000000000100000000100000100100000000000000001111
361,100000010000000000000000000000000000000000100000000100000100100000000000001000000
851,100000010000000000000000000000000000000000100000000100000100100000000000001000001
648,100000010000000000000000000000000000000000100000000100000100100000000000001000100
840,100000010000000000000000000000000000000000100000000100000100100000000000001000101
659,100000010000000000000000000000000000000000100000000100000100100000000000001010010
260,100000010000000000000000000000000000000000100000000100100000000000000000001000000
549,100000010000000000000000000000000000000000100000000100100000000000000000001000010
8,100000010000000000000000000000000000000000100000000100100000000000000000001010000
866,100000010000000000000000000000000000000000100000000100100000000000000000001010100
868,100000010000000000000000000000000000000000100000000100100000000000000000001010101
154,1000000100000000000000000000000000000000001000000001000000000000000000000000010000
665,1000000100000000000000000000000000000000001000000001000000000000000000000000010001
179,1000000100000000000000000000000000000000001000000001000000000001000000100000000000
801,1000000100000000000000000000000000000000001000000001000000000001000000100000000001
188,1000000100000000000000000000000000000000001000000001000000000001000000100000000010
670,1000000100000000000000000000000000000000001000000001000000000001000000100000000011
221,1000000100000000000000000000000000000000001000000001000001001000000000000000010000
766,1000000100000000000000000000000000000000001000000001000001001000000000000000010001
355,1000000100000000000000000000000000000000001000000001000001001000000000000000010010
682,1000000100000000000000000000000000000000001000000001000001001000000000000000010011
362,1000000100000000000000000000000000000000001000000001000001001000000000000010000000
630,1000000100000000000000000000000000000000001000000001000001001000000000000010000001
261,1000000100000000000000000000000000000000001000000001001000000000000000000010000000
558,1000000100000000000000000000000000000000001000000001001000000000000000000010000001
562,1000000100000000000000000000000000000000001000000001001000000000000000000010000100
865,1000000100000000000000000000000000000000001000000001001000000000000000000010101000
867,1000000100000000000000000000000000000000001000000001001000000000000000000010101010
155,10000001000000000000000000000000000000000010000000010000000000000000000000000100000
685,10000001000000000000000000000000000000000010000000010000000000000000000000000100001
668,10000001000000000000000000000000000000000010000000010000000000000000000000000100010
676,10000001000000000000000000000000000000000010000000010000000000000000000000000100011
180,10000001000000000000000000000000000000000010000000010000000000010000001000000000000
689,10000001000000000000000000000000000000000010000000010000000000010000001000000000001
189,10000001000000000000000000000000000000000010000000010000000000010000001000000000100
684,10000001000000000000000000000000000000000010000000010000000000010000001000000000101
222,10000001000000000000000000000000000000000010000000010000010010000000000000000100000
235,10000001000000000000000000000000000000000010000000010000010010000000000000000100001
765,10000001000000000000000000000000000000000010000000010000010010000000000000000100010
356,10000001000000000000000000000000000000000010000000010000010010000000000000000100100
677,10000001000000000000000000000000000000000010000000010000010010000000000000000100101
683,10000001000000000000000000000000000000000010000000010000010010000000000000000100110
629,10000001000000000000000000000000000000000010000000010000010010000000000000100000010
262,10000001000000000000000000000000000000000010000000010010000000000000000000100000000
555,10000001000000000000000000000000000000000010000000010010000000000000000000100000001
559,10000001000000000000000000000000000000000010000000010010000000000000000000100000010
521,10000001000000000000000000000000000000000010000000010010000000000000000000101010100
522,10000001000000000000000000000000000000000010000000010010000000000000000000101010101
678,100000010000000000000000000000000000000000100000000100000000000000000000000001000100
680,100000010000000000000000000000000000000000100000000100000000000000000000000001000101
181,100000010000000000000000000000000000000000100000000100000000000100000010000000000000
681,100000010000000000000000000000000000000000100000000100000000000100000010000000000001
190,100000010000000000000000000000000000000000100000000100000000000100000010000000001000
789,100000010000000000000000000000000000000000100000000100000000000100000010000000001001
223,100000010000000000000000000000000000000000100000000100000100100000000000000001000000
696,100000010000000000000000000000000000000000100000000100000100100000000000000001000001
236,100000010000000000000000000000000000000000100000000100000100100000000000000001000010
772,100000010000000000000000000000000000000000100000000100000100100000000000000001000011
263,100000010000000000000000000000000000000000100000000100100000000000000000001000000000
553,100000010000000000000000000000000000000000100000000100100000000000000000001000000001
556,100000010000000000000000000000000000000000100000000100100000000000000000001000000010
182,1000000100000000000000000000000000000000001000000001000000000001000000100000000000000
699,1000000100000000000000000000000000000000001000000001000000000001000000100000000000001
802,1000000100000000000000000000000000000000001000000001000000000001000000100000000000010
803,1000000100000000000000000000000000000000001000000001000000000001000000100000000000011
191,1000000100000000000000000000000000000000001000000001000000000001000000100000000010000
792,1000000100000000000000000000000000000000001000000001000000000001000000100000000010001
688,1000000100000000000000000000000000000000001000000001000000000001000000100000000010010
790,1000000100000000000000000000000000000000001000000001000000000001000000100000000010011
224,1000000100000000000000000000000000000000001000000001000001001000000000000000010000000
692,1000000100000000000000000000000000000000001000000001000001001000000000000000010000001
237,1000000100000000000000000000000000000000001000000001000001001000000000000000010000100
390,1000000100000000000000000000000000000000001000000001000001001000000000000000010000101
771,1000000100000000000000000000000000000000001000000001000001001000000000000000010000110
774,1000000100000000000000000000000000000000001000000001000001001000000000000000010000111
264,1000000100000000000000000000000000000000001000000001001000000000000000000010000000000
551,1000000100000000000000000000000000000000001000000001001000000000000000000010000000001
554,1000000100000000000000000000000000000000001000000001001000000000000000000010000000010
183,10000001000000000000000000000000000000000010000000010000000000010000001000000000000000
691,10000001000000000000000000000000000000000010000000010000000000010000001000000000000001
22,10000001000000000000000000000000000000000010000000010000000000010000001000000000000110
192,10000001000000000000000000000000000000000010000000010000000000010000001000000000100000
690,10000001000000000000000000000000000000000010000000010000000000010000001000000000100001
791,10000001000000000000000000000000000000000010000000010000000000010000001000000000100010
23,10000001000000000000000000000000000000000010000000010000000000010000001000000000100100
225,10000001000000000000000000000000000000000010000000010000010010000000000000000100000000
231,10000001000000000000000000000000000000000010000000010000010010000000000000000100000001
238,10000001000000000000000000000000000000000010000000010000010010000000000000000100001000
701,10000001000000000000000000000000000000000010000000010000010010000000000000000100001001
391,10000001000000000000000000000000000000000010000000010000010010000000000000000100001010
777,10000001000000000000000000000000000000000010000000010000010010000000000000000100001011
675,10000001000000000000000000000000000000000010000000010000010010000000000000000100001100
770,10000001000000000000000000000000000000000010000000010000010010000000000000000100001101
773,10000001000000000000000000000000000000000010000000010000010010000000000000000100001110
265,10000001000000000000000000000000000000000010000000010010000000000000000000100000000000
550,10000001000000000000000000000000000000000010000000010010000000000000000000100000000010
184,100000010000000000000000000000000000000000100000000100000000000100000010000000000000000
326,100000010000000000000000000000000000000000100000000100000000000100000010000000000000001
193,100000010000000000000000000000000000000000100000000100000000000100000010000000001000000
793,100000010000000000000000000000000000000000100000000100000000000100000010000000001000001
226,100000010000000000000000000000000000000000100000000100000100100000000000000001000000000
700,100000010000000000000000000000000000000000100000000100000100100000000000000001000000001
232,100000010000000000000000000000000000000000100000000100000100100000000000000001000000010
710,100000010000000000000000000000000000000000100000000100000100100000000000000001000000011
239,100000010000000000000000000000000000000000100000000100000100100000000000000001000010000
703,100000010000000000000000000000000000000000100000000100000100100000000000000001000010001
392,100000010000000000000000000000000000000000100000000100000100100000000000000001000010100
705,100000010000000000000000000000000000000000100000000100000100100000000000000001000010101
776,100000010000000000000000000000000000000000100000000100000100100000000000000001000010110
672,100000010000000000000000000000000000000000100000000100000100100000000000000001000011000
679,100000010000000000000000000000000000000000100000000100000100100000000000000001000011001
674,100000010000000000000000000000000000000000100000000100000100100000000000000001000011010
769,100000010000000000000000000000000000000000100000000100000100100000000000000001000011011
185,1000000100000000000000000000000000000000001000000001000000000001000000100000000000000000
708,1000000100000000000000000000000000000000001000000001000000000001000000100000000000000001
327,1000000100000000000000000000000000000000001000000001000000000001000000100000000000000010
695,1000000100000000000000000000000000000000001000000001000000000001000000100000000000000011
194,1000000100000000000000000000000000000000001000000001000000000001000000100000000010000000
693,1000000100000000000000000000000000000000001000000001000000000001000000100000000010000001
227,1000000100000000000000000000000000000000001000000001000001001000000000000000010000000000
702,1000000100000000000000000000000000000000001000000001000001001000000000000000010000000001
697,1000000100000000000000000000000000000000001000000001000001001000000000000000010000000010
698,1000000100000000000000000000000000000000001000000001000001001000000000000000010000000011
233,1000000100000000000000000000000000000000001000000001000001001000000000000000010000000100
240,1000000100000000000000000000000000000000001000000001000001001000000000000000010000100000
24,1000000100000000000000000000000000000000001000000001000001001000000000000000010000100010
869,1000000100000000000000000000000000000000001000000001000001001000000000000000010000101000
25,1000000100000000000000000000000000000000001000000001000001001000000000000000010000101010
673,1000000100000000000000000000000000000000001000000001000001001000000000000000010000110100
669,1000000100000000000000000000000000000000001000000001000001001000000000000000010000110110
768,1000000100000000000000000000000000000000001000000001000001001000000000000000010000110111
27,10000001000000000000000000000000000000000010000000010000000000010000001000000000000000000
328,10000001000000000000000000000000000000000010000000010000000000010000001000000000000000100
694,10000001000000000000000000000000000000000010000000010000000000010000001000000000000000101
195,10000001000000000000000000000000000000000010000000010000000000010000001000000000100000000
794,10000001000000000000000000000000000000000010000000010000000000010000001000000000100000001
228,10000001000000000000000000000000000000000010000000010000010010000000000000000100000000000
706,10000001000000000000000000000000000000000010000000010000010010000000000000000100000000001
29,10000001000000000000000000000000000000000010000000010000010010000000000000000100000001000
241,10000001000000000000000000000000000000000010000000010000010010000000000000000100001000000
711,10000001000000000000000000000000000000000010000000010000010010000000000000000100001000001
709,10000001000000000000000000000000000000000010000000010000010010000000000000000100001000100
870,10000001000000000000000000000000000000000010000000010000010010000000000000000100001010000
871,10000001000000000000000000000000000000000010000000010000010010000000000000000100001010001
767,10000001000000000000000000000000000000000010000000010000010010000000000000000100001101110
186,100000010000000000000000000000000000000000100000000100000000000100000010000000000000000000
329,100000010000000000000000000000000000000000100000000100000000000100000010000000000000001000
804,100000010000000000000000000000000000000000100000000100000000000100000010000000000000001001
196,100000010000000000000000000000000000000000100000000100000000000100000010000000001000000000
704,100000010000000000000000000000000000000000100000000100000000000100000010000000001000000001
229,100000010000000000000000000000000000000000100000000100000100100000000000000001000000000000
717,100000010000000000000000000000000000000000100000000100000100100000000000000001000000000001
234,100000010000000000000000000000000000000000100000000100000100100000000000000001000000010000
862,100000010000000000000000000000000000000000100000000100000100100000000000000001000010100000
712,100000010000000000000000000000000000000000100000000100000100100000000000000001000010100010
686,100000010000000000000000000000000000000000100000000100000100100000000000000001000011011100
775,100000010000000000000000000000000000000000100000000100000100100000000000000001000011011101
28,1000000100000000000000000000000000000000001000000001000000000001000000100000000000000000000
197,1000000100000000000000000000000000000000001000000001000000000001000000100000000010000000000
707,1000000100000000000000000000000000000000001000000001000000000001000000100000000010000000001
230,1000000100000000000000000000000000000000001000000001000001001000000000000000010000000000000
26,1000000100000000000000000000000000000000001000000001000001001000000000000000010000101000000
687,1000000100000000000000000000000000000000001000000001000001001000000000000000010000110111000
